23 -63 -74 21 21 -67 11 98 -54 
-85 -16 -13 32 35 -43 -58 -90 60 
-8 60 -26 78 -33 -65 -57 -30 30 
1 -6 63 -29 -69 -23 -68 -70 -94 
-48 -64 25 -31 33 -20 -69 81 -17 
74 -31 -78 -91 -24 87 -36 -51 -97 
13 21 -1 98 -59 46 76 56 -96 
-66 86 24 30 -79 -22 -88 35 100 
-59 12 -12 -92 6 -71 -89 -94 -47 
8 7 -28 -18 -84 90 91 -21 -53 
-14 -34 -25 -90 -58 86 -37 -10 76 
29 61 54 45 28 53 67 22 -46 
38 -41 -52 10 86 66 -11 -30 -58 
52 -53 -84 -46 -72 44 -13 99 0 
-76 97 -29 27 -30 8 84 67 99 
65 -99 -83 52 5 79 -50 -88 74 
38 100 -48 98 -60 -31 -68 -94 27 
28 90 57 96 -58 -80 19 -98 6 
-50 -59 94 80 -95 3 93 -61 -34 
38 10 -41 -34 5 -26 -47 82 14 
14 -30 -83 6 -40 84 0 -32 -87 
9 -27 42 -85 -4 81 28 28 20 
-65 72 -83 41 -54 -56 78 32 1 
84 95 -79 -91 45 77 47 -78 82 
-35 -31 2 88 85 -96 33 -26 69 
54 19 88 -93 89 64 94 32 -16 
-86 97 -100 -40 -63 -93 -63 -7 -100 
-79 28 90 -80 51 -15 -86 -10 9 
-72 42 -27 69 0 -36 19 42 -47 
89 -91 -57 -33 -73 -42 95 -52 -10 
69 -52 47 -83 60 -51 -26 -43 44 
4 63 -96 -76 40 94 16 -92 37 
-64 -18 -61 -33 -96 -61 88 49 68 
35 -17 -74 -98 -94 -99 11 35 -66 
88 -5 74 -88 -96 -37 15 72 -47 
-79 36 -37 67 30 -53 -28 -11 -97 
97 -37 -27 91 53 87 24 -10 -91 
-20 -3 22 92 35 -62 -63 -7 66 
36 -82 -74 14 -3 -89 -65 61 -34 
1 -89 43 84 -54 43 -77 86 -62 
-17 -48 51 71 -49 -79 -78 39 13 
-99 -16 49 -95 -63 87 -27 63 88 
-21 1 -78 71 -90 -84 -49 26 -34 
-19 69 -51 -19 -98 33 -40 28 30 
-58 -67 -43 93 83 80 -94 -65 -7 
-41 97 77 12 -81 -67 3 -71 83 
91 -70 -31 82 34 -79 97 -44 -31 
21 -51 -11 22 48 -31 35 -27 44 
51 90 -37 91 -45 72 6 35 -58 
-90 45 84 84 32 -54 -98 37 -9 
50 80 35 -42 -52 -1 57 -11 -67 
-87 -80 93 -63 8 80 -31 -85 79 
-44 6 -36 21 16 40 31 -71 -36 
-49 -13 55 -26 -29 -21 -59 36 65 
22 -49 0 74 46 88 -14 -54 90 
34 43 -62 79 60 -22 -5 -23 -65 
50 93 61 69 23 -55 63 14 -2 
15 9 20 -19 -7 -99 -20 -79 74 
39 -76 -71 16 -12 -87 -7 -85 -10 
-10 -57 97 -12 -19 83 -42 -90 75 
39 91 42 -90 -38 -46 10 -5 -93 
-2 91 -53 -67 4 27 -78 -35 -66 
-99 63 -24 92 -50 -97 99 55 -3 
-16 5 86 -63 -86 9 40 87 -95 
63 78 29 -83 -48 -64 -40 75 88 
24 -94 -8 98 -71 97 76 -38 -42 
92 -88 -59 -83 11 1 -6 -65 45 
-81 58 -5 97 56 36 -79 -85 96 
-56 90 96 -16 91 -5 -45 -17 41 
32 39 -17 -8 82 46 34 -96 76 
94 -68 13 30 -49 -24 24 68 -44 
10 -8 -77 39 -66 14 89 -97 47 
-56 -79 -76 -94 -9 -50 -93 -86 59 
67 -77 -59 -55 -83 -79 100 -45 -32 
83 -50 60 -69 37 54 -27 -75 -36 
9 -6 -93 -2 58 -44 -73 -38 72 
-55 63 19 -97 29 -74 -25 11 -92 
96 -42 -94 16 52 29 -79 -55 38 
34 -79 21 -10 15 -30 72 -28 -33 
-28 53 -36 -80 -56 -73 39 91 -87 
67 48 -45 -27 82 97 -68 57 -17 
24 -77 5 -90 100 72 73 -27 10 
46 -66 -15 25 -90 91 -66 47 33 
70 45 -60 41 -20 92 8 -67 -56 
-1 -60 -99 41 -55 -22 39 49 1 
94 96 -97 -50 -52 73 5 -72 -69 
42 -17 -63 57 -24 -18 -78 70 -74 
-8 12 -14 17 100 84 56 68 13 
-76 8 -14 20 75 71 17 -4 9 
9 4 33 52 -6 -26 78 95 -93 
78 56 -79 52 92 77 -100 -93 75 
54 48 -64 -19 -29 -52 1 89 -73 
73 69 -9 64 -3 51 54 71 -51 
70 29 -36 80 -65 44 58 88 75 
-65 33 -83 26 -90 60 4 96 76 
-35 -79 9 70 54 94 -73 13 73 
-59 28 86 66 19 -1 74 62 -39 
2 23 -42 -15 -74 1 -9 -54 -62 
100 23 67 -43 20 -27 5 97 9 
-93 17 -17 25 15 91 -36 41 -43 
