96 -4 -88 46 -3 12 84 51 -82 -75 78 -86 -16 -11 -31 -77 74 -97 17 48 -45 26 -25 -20 51 
-37 10 -11 36 88 97 -24 96 2 73 -24 97 -84 19 -13 31 8 -61 -86 -69 65 77 74 50 -15 
-80 -75 -12 -55 -38 59 32 69 -23 52 24 -83 64 -38 30 -68 -11 -22 -76 35 11 70 -6 59 -50 
-73 62 33 63 3 -78 69 -18 69 0 -73 44 -64 95 96 14 -49 -74 -63 60 66 -34 2 15 43 
73 -81 -21 -14 -58 -40 19 69 44 -10 60 7 80 59 -72 30 -29 3 -17 95 -19 36 34 -5 -3 
-29 94 82 28 42 -50 30 70 60 -69 -68 -43 45 -72 9 76 64 -76 -82 77 7 -35 42 45 -70 
-43 -72 57 72 -80 -88 94 14 4 19 -60 -99 9 99 -53 -95 8 20 -95 15 3 -4 99 -11 14 
-21 -41 21 -52 -41 -92 70 80 77 -95 60 14 -77 -96 -37 34 77 -72 21 72 -73 -48 -30 27 35 
-69 -22 26 87 -99 75 38 36 -58 40 -73 14 52 -16 -92 72 -48 -26 49 88 -82 64 73 -2 94 
54 31 -49 -50 -36 -63 -7 -86 21 -68 98 69 75 84 -21 -6 -30 -42 71 29 63 18 82 42 -47 
2 -67 92 -91 -25 -49 -50 -61 29 91 -55 -37 -30 -26 -81 -69 -59 -23 -8 30 -35 -32 -83 -71 -63 
48 -93 68 28 77 95 -60 78 77 -99 -20 6 -84 37 39 -86 93 43 93 -56 73 85 -71 -85 83 
-16 -4 -99 13 -36 45 -31 44 -8 72 -21 37 62 2 -69 -15 -62 -65 -13 94 28 -82 49 -93 76 
47 33 -67 73 -47 -96 6 -84 23 34 -6 -7 -96 24 73 63 4 54 -7 21 -99 -93 -24 91 58 
59 53 -40 -48 -79 -36 72 17 -97 -84 -60 -13 -77 -2 46 -21 -43 64 -18 -41 -69 -57 -1 -14 -33 
70 99 -96 -35 -45 10 25 -99 -85 -8 -97 -63 27 58 -40 67 -38 -65 -13 -22 -17 78 42 12 36 
2 13 -74 -62 94 -31 53 90 -57 -97 99 100 -96 44 39 98 75 -68 84 94 85 36 -99 -17 60 
72 63 -16 -5 -65 73 98 100 45 37 -38 -74 26 52 43 -45 35 65 2 70 53 17 48 85 -77 
21 28 59 47 44 -41 16 -22 64 -40 -80 75 -35 100 91 -11 83 -60 -91 -67 -32 34 98 -26 -3 
-29 41 68 58 -25 96 60 89 41 20 -55 59 2 33 -20 63 64 72 33 -100 -29 11 2 9 56 
-59 87 -96 93 23 66 -68 71 -39 -11 -61 -56 -91 -35 64 50 0 22 -67 43 13 47 20 -23 -49 
-15 32 42 22 -41 86 -72 -42 51 -44 -90 34 -49 80 -38 68 78 48 -61 -32 48 -28 -59 -93 -82 
-69 -34 -24 76 6 34 10 -87 -60 92 -96 -28 -42 -61 79 -39 1 -45 41 31 18 -16 -65 87 2 
-71 -85 3 6 -83 -64 -14 53 -54 81 -72 48 91 -77 -60 86 -30 -92 48 64 -14 -5 -51 76 79 
-68 -100 31 87 -18 -15 6 -85 -37 -20 92 53 -20 -99 -86 -56 -19 59 47 42 95 -30 4 34 12 
3 23 33 -27 -23 -85 -85 -38 5 -28 69 -71 94 73 56 58 -3 15 -83 -64 35 15 94 30 -69 
67 -79 60 -64 -13 -65 94 34 -84 33 -10 37 5 4 18 14 87 20 -79 -44 67 -84 97 16 3 
-39 35 -47 -32 14 -62 30 93 5 39 29 32 -58 -5 -60 -48 10 80 76 24 -59 62 -25 -79 30 
-31 -80 -67 -58 43 34 -62 45 -27 99 -62 -14 48 -69 -48 -42 -85 -53 92 99 34 9 43 23 11 
15 -98 16 -69 -50 2 -8 -14 27 -30 -67 47 2 93 -24 64 -11 49 41 32 86 83 -78 -39 -94 
29 68 -84 45 73 -42 -3 -97 -60 -54 -43 37 58 -100 -14 -54 47 -6 -4 -60 43 -74 34 75 -84 
-68 -26 36 -44 -58 -19 95 25 35 -24 -38 29 -20 80 32 -64 15 79 -44 -95 69 -60 -74 62 30 
81 -12 10 -69 -52 -31 -97 78 12 -85 98 16 12 -59 -98 -47 99 -66 10 -18 -10 -91 64 -18 4 
53 -70 -46 -49 -77 98 -14 -43 -29 28 -48 92 -70 -37 -77 -71 -100 15 34 35 -24 11 36 -13 17 
-1 74 90 78 4 -56 -93 72 -41 40 95 5 19 68 10 1 83 96 -79 -56 13 -74 -48 -80 -56 
65 -54 -45 -81 -15 -34 6 9 81 10 -39 49 -11 26 -47 50 -84 -24 6 -28 95 22 -46 -33 5 
-81 24 8 40 -28 47 -73 20 59 -65 75 31 -85 -65 49 70 79 65 10 -82 -73 15 -63 11 -51 
80 17 62 -86 18 -65 -57 82 -29 28 -97 -35 -12 -26 -97 -96 -34 -39 82 -82 -11 85 36 -11 32 
-80 45 -2 -37 56 -34 30 29 91 -4 74 63 99 56 -20 62 -86 -91 -34 92 9 72 -4 -35 9 
89 16 -55 21 -8 87 2 26 -97 -97 -8 -11 28 82 35 -92 15 -7 45 -83 -18 -93 -88 64 -82 
-66 67 -71 -25 -33 -49 -57 29 23 85 91 31 94 94 -55 96 -81 95 -37 36 -3 -10 -22 80 -18 
46 50 95 -66 -24 1 -71 54 -13 87 -50 -20 -30 16 -35 -76 -63 52 -74 67 -79 74 91 -65 -51 
-50 -93 -41 -39 -12 -9 73 26 -50 -38 -98 70 -24 -66 90 17 -59 90 -59 -86 73 -85 -56 53 92 
69 -4 80 65 -20 24 36 5 46 36 -25 68 -54 82 57 73 -99 78 -7 93 89 30 94 -88 51 
8 88 81 -28 85 -91 -53 -19 19 94 -88 -34 19 -7 6 81 -100 -12 -30 -74 -24 2 -89 -84 32 
-21 -96 -92 51 37 -22 66 -47 -75 88 -22 -93 -45 46 52 -28 -41 -34 -9 3 29 70 51 70 -63 
-73 -96 93 -59 27 -36 -55 -17 -99 -65 -10 2 23 14 61 48 -7 46 -50 17 22 13 -55 23 -4 
-31 -24 10 -70 26 18 27 -47 67 26 32 16 -87 62 59 -79 -71 53 70 61 41 -79 66 65 -70 
-48 100 87 -97 48 -74 29 25 89 55 92 30 -40 -62 -28 -32 69 -89 -100 -87 41 77 48 38 -74 
33 -9 -83 18 60 -55 11 28 85 -81 91 50 -97 -99 -32 -36 81 -55 -4 78 -33 80 -30 76 4 
-33 56 64 4 3 18 -19 44 39 61 -82 -1 73 -41 13 -47 98 35 90 59 2 -12 92 -26 -5 
41 5 49 -85 41 -27 -88 -21 21 74 88 -17 -28 -66 -78 18 -40 -12 75 62 39 -29 -26 19 -85 
-79 13 36 62 41 30 96 48 98 -24 -1 52 -29 -44 -35 80 90 -38 -95 -59 -4 22 51 51 80 
-56 -45 24 -22 52 -72 46 95 -79 -2 68 -80 93 -94 -45 -98 11 -8 -42 85 -78 27 20 -3 92 
-6 -57 12 16 100 56 -91 48 83 -44 -22 4 -14 -66 44 5 6 -83 68 0 -29 -81 -35 -92 64 
73 -38 -79 44 -96 -8 39 52 100 52 23 59 67 -84 0 -15 -21 -38 -64 -68 -51 74 -57 -80 -29 
-36 70 -50 10 -33 -8 -13 -49 39 56 -6 -31 -63 -38 -75 -82 -13 24 -69 96 -16 -1 -95 80 16 
-92 -4 57 68 -66 -62 60 95 40 27 91 -10 11 -8 79 -31 -90 -68 -13 -7 -16 -72 94 44 -64 
-26 -49 -53 27 59 -85 70 -88 -98 -81 21 -77 88 55 25 -100 59 -58 -23 -19 94 76 94 41 23 
-23 88 -3 25 -77 -4 63 81 -27 28 1 100 -53 35 63 -27 68 -58 -87 -80 65 -79 -83 55 93 
-88 96 88 -23 31 -72 -1 -79 22 -81 97 61 -6 -77 -34 0 -93 -24 12 3 -92 43 -39 -59 -31 
85 -4 -22 -77 -96 -5 -22 -94 11 -60 40 11 -23 45 -27 -41 30 43 13 87 -90 34 15 84 94 
64 51 7 33 -18 39 -5 0 62 14 30 48 36 56 -98 30 -80 21 67 -91 43 -39 -77 -31 -84 
-39 -42 -20 -100 -92 48 21 96 -48 -13 -19 -53 80 10 68 84 98 -6 -37 -32 28 31 -31 73 96 
82 70 72 67 -39 74 26 53 100 -91 79 5 23 81 52 89 -44 -7 -63 43 68 -69 -11 -60 30 
74 63 -27 76 -73 12 33 83 53 59 -42 -67 15 -7 -45 49 -24 37 65 -53 55 54 62 -9 -54 
-82 96 68 -33 -35 -14 -4 45 96 -10 28 -45 -72 44 19 68 -72 42 -45 8 -53 20 -16 34 17 
-45 -19 42 42 -41 61 24 -12 18 -11 64 21 -87 -35 52 -94 85 64 -91 31 -21 90 65 26 19 
90 42 -15 8 -13 64 24 69 -92 -24 87 98 -73 -46 -50 86 46 30 59 -63 18 25 93 -48 -98 
-36 91 86 63 70 -63 62 -70 26 89 9 82 88 -77 -5 29 90 -76 47 -86 86 68 59 62 6 
-20 88 -73 25 -29 88 -52 60 -71 68 67 62 -4 -7 31 100 -29 95 33 -61 32 31 -30 -100 -11 
88 -43 35 34 61 44 -24 26 78 21 -27 -30 -87 35 18 -78 -5 -94 -13 100 -4 -30 9 83 -98 
59 -22 -59 12 82 -55 37 88 -37 -5 -100 -9 42 -17 -96 -71 -43 -72 69 70 33 -25 -58 -52 70 
-53 93 87 29 -66 -43 45 -99 -73 -69 91 -27 -21 -53 30 -12 -25 91 -67 95 -57 -15 33 -18 -45 
-8 -87 34 -78 -13 57 -38 -21 58 -84 23 31 -55 -94 -98 100 -93 -90 -65 -88 -93 50 99 -82 57 
62 2 14 48 -98 12 76 72 -85 5 57 -75 84 92 -15 -1 -53 -6 -22 -100 -44 -12 38 60 59 
41 16 56 -87 -30 -38 33 -97 36 9 58 -59 20 -52 -50 -35 -34 32 66 -5 -37 -23 -5 82 51 
31 79 6 -42 98 53 23 -17 71 63 7 89 88 -93 -59 34 43 42 0 -20 44 81 -29 47 78 
97 92 -14 -79 38 -36 -71 -42 -88 -84 61 98 37 27 -78 0 -52 -28 -75 68 -54 -45 -68 94 -84 
17 -16 -63 -93 -23 -46 -69 41 76 -70 69 -55 14 -31 -27 37 -49 7 -48 -51 -67 -86 -51 81 66 
-62 -70 -73 65 -77 77 -20 -66 90 -11 67 -27 57 19 -61 25 96 12 -81 -50 -70 -61 7 20 26 
-36 25 41 1 70 39 -70 -10 86 78 -24 92 52 44 -36 59 -81 -72 -25 58 -80 -99 -83 -34 -2 
80 -52 -57 -63 21 -44 -60 -75 8 52 14 92 -100 -67 82 70 -54 -71 -49 -16 -42 -28 -45 -14 12 
40 90 9 -67 -89 -16 86 -50 -6 -7 22 59 94 -34 -18 25 55 75 -93 19 30 -11 26 38 65 
-12 -17 7 -3 24 -88 77 -85 -66 -31 13 -41 46 -90 56 47 -88 -56 67 -11 67 70 -17 -47 -20 
-82 25 32 95 -96 21 91 0 -100 67 -26 50 58 -81 27 -20 -12 -31 53 -46 27 -81 70 -35 45 
-95 -95 37 43 69 -97 -95 69 80 -11 11 69 79 49 -67 -48 -38 61 -8 59 56 -42 -32 99 85 
81 -43 -42 77 40 87 83 0 46 -79 -82 5 29 -43 29 -70 6 64 -42 10 -15 -13 -33 -54 4 
24 37 -97 -33 28 66 87 -56 13 89 -39 -2 37 -17 -64 -78 -7 -30 61 52 -5 -58 62 51 17 
-14 -18 63 65 -100 -29 31 -19 74 94 89 19 -31 -72 26 -30 100 24 21 86 -19 -67 53 48 -50 
-52 44 -21 -43 93 -31 -84 -96 -68 -20 -17 35 16 73 95 56 67 -94 -95 61 -47 71 -66 84 13 
-15 -93 72 -44 19 -12 -20 -38 69 -62 -82 52 -18 -78 53 -99 15 -55 75 70 53 -76 -48 33 40 
10 64 40 -48 35 -38 100 -69 50 74 34 -61 69 -50 -91 -47 -61 -50 -67 97 -16 92 -67 13 67 
-68 -79 90 16 -86 3 93 2 69 -67 64 -22 -39 -100 -80 42 94 88 -86 0 9 71 -71 -30 34 
-55 -33 61 22 -23 99 -78 -21 -36 -57 -90 -22 -14 -28 25 -24 41 61 1 32 -24 89 -21 -83 -27 
97 -6 95 75 38 68 -62 77 49 95 1 74 -79 41 73 -56 66 93 -92 67 -74 -16 68 7 5 
32 -4 -66 21 -53 70 -14 -100 32 -14 -17 25 -67 29 1 80 -12 -50 -74 83 51 89 79 -88 61 
-23 -12 36 -41 -77 93 38 -14 -10 9 -1 93 12 70 -57 -22 28 -71 -92 88 -79 -79 70 -58 28 
91 -59 14 93 -92 -85 -17 71 -28 91 -70 -27 -87 98 74 48 61 -20 19 7 80 -94 36 -24 -87 
62 -44 -45 28 47 99 46 -62 60 30 62 45 26 33 87 67 -97 -45 19 -9 90 50 25 86 -48 
